8.50763
11.6275
20.9615
9.55072
8.96348
8.68451
20.151
9.23074
26.9965
14.4736
12.5643
32.0793
11.1259
3.3806
20.2409
6.89044
25.6404
11.2086
6.51221
7.08585
26.1152
13.0276
17.2202
10.5444
41.7545
9.48365
8.44992
6.38492
8.11722
45.2008
20.2566
9.08831
14.2208
25.7785
9.55041
10.7002
12.2838
24.4574
16.5837
9.22712
6.00646
12.1339
14.3792
44.7734
8.45175
59.2202
12.7354
11.8419
12.3814
28.0967
61.4612
7.09497
53.0525
17.9905
14.1869
11.0462
7.66228
7.61004
13.7371
9.18924
8.39461
20.324
9.43429
20.5268
47.4541
67.2497
12.1334
32.3783
24.1165
9.66331
19.013
10.6079
14.7182
11.0398
9.69267
8.86447
14.9767
6.80348
24.3237
9.27213
7.28012
39.5184
9.26569
9.73125
17.1571
24.4989
11.2697
13.0453
33.9059
34.3807
18.8113
20.2355
10.2176
8.44885
7.86124
13.8267
4.89923
13.9405
9.44472
7.70339
13.0661
7.84204
54.4719
7.78816
13.1557
11.6763
10.2662
11.3751
12.7529
8.7036
8.49339
10.5035
10.4104
11.0347
11.5977
18.512
6.5951
19.6891
12.0872
30.8415
16.035
19.4212
23.8713
23.9595
12.3874
17.0458
21.3479
14.5987
11.4168
9.69271
88.1031
26.6159
8.05671
13.0351
10.6271
9.2681
12.4781
15.8995
8.68333
7.30641
24.023
18.2779
36.9954
42.3653
22.0355
13.0371
18.9902
9.79892
8.90303
31.6484
20.4877
22.6726
13.0139
16.691
13.2104
9.19985
29.0423
13.5895
23.5225
8.68554
15.2099
17.2999
15.8277
24.2897
13.4886
8.17742
7.6482
15.8289
6.88141
7.73547
25.6171
10.948
5.04432
14.2478
16.3727
11.2529
38.0534
12.5598
4.60651
10.6951
19.9002
7.26032
7.45798
27.496
11.9702
16.6781
8.54579
12.3878
7.21447
10.1618
21.4702
18.7689
4.28035
13.2954
29.2198
11.128
7.5436
5.52291
11.8697
14.0158
14.774
17.5452
66.2631
9.30923
18.5103
7.15813
7.73431
10.4048
32.4798
11.1737
13.5247
8.98473
17.808
14.4929
8.30627
22.4044
9.96063
18.1174
14.8201
32.5738
44.8002
5.33025
11.4496
6.86914
16.2713
10.5242
22.3248
14.0662
10.5299
17.3632
18.8214
10.8783
11.899
12.3591
17.1617
9.76835
8.11879
47.1551
35.5154
13.2182
23.7261
9.98102
11.0043
18.9056
10.4586
10.0156
26.8774
15.7147
16.8996
19.1275
11.3841
12.1469
18.6319
8.93314
11.9961
158.567
15.9612
15.7371
9.38057
9.24238
9.72081
9.68343
11.951
14.9932
15.1182
10.1817
28.5579
25.0695
13.8608
12.6173
66.2461
7.11579
15.6095
9.29922
6.83699
16.0526
9.21844
11.1214
9.4022
14.5254
9.04365
16.1353
14.8307
30.1426
7.49749
26.7108
22.0792
17.6536
22.827
6.40152
12.7389
22.7759
8.66389
8.37194
7.43493
8.81934
7.91751
7.62689
26.8759
6.55358
24.5288
12.0581
8.82351
8.4425
8.18884
9.17681
17.6455
10.3697
10.874
14.6916
10.5395
7.69942
8.57911
10.7253
46.2852
14.3382
28.6039
12.3613
12.1429
14.5374
24.4221
47.4166
14.1588
14.7258
16.9336
10.3988
9.66059
7.50462
15.9239
16.7103
15.5923
14.7425
6.8238
6.36902
14.4338
9.95848
30.3422
9.37392
8.53766
21.7618
7.5774
8.58438
10.6014
20.1166
20.2373
15.4671
15.576
18.3639
11.4341
103.834
12.453
9.27581
9.70145
26.7203
6.55574
13.5578
24.3305
9.2928
17.5426
14.0511
37.633
47.4643
22.4198
7.77922
15.0402
28.0073
10.4739
8.45358
11.0939
9.30131
17.3895
42.8102
6.78281
16.9982
12.9828
13.0777
7.81813
10.8774
14.9538
8.83611
10.1815
19.6142
6.78289
11.03
12.2489
9.23212
19.9523
10.2606
39.5276
18.5908
9.75176
8.56813
10.6273
15.2972
13.1156
17.4736
11.1404
8.22378
14.2557
15.8551
39.4599
7.93655
10.3942
9.37719
9.43082
10.7561
9.36047
11.6499
6.21787
10.0578
10.445
12.9609
13.088
17.5168
11.2313
7.5873
16.7824
11.4984
9.03916
9.8943
15.1059
9.53108
22.5528
13.0498
9.60428
13.4912
13.5313
11.3652
12.0807
11.5195
16.5826
47.0794
15.7972
19.8396
13.1782
59.325
6.23005
17.8739
43.2963
20.8743
9.81904
8.8296
23.1322
6.82201
11.0806
8.62839
32.1634
14.1839
19.5504
22.59
36.8512
13.7601
10.0061
13.7811
10.9436
14.1242
21.6197
11.4431
9.53195
23.8867
10.4071
21.3718
6.17108
10.5712
14.0498
7.19439
12.1868
7.37716
7.59214
29.4293
8.72809
8.36764
11.7477
19.0642
19.6576
20.4743
13.0998
41.6423
43.807
10.5467
10.2182
19.4538
10.3124
3.43014
10.4805
5.08836
6.3016
12.3754
30.153
40.7579
13.7414
11.1078
22.0426
23.1701
7.5811
11.5849
13.0793
21.6483
25.8933
9.77024
12.2037
10.7977
14.4436
9.38599
41.6072
16.9091
11.3987
12.409
58.9089
9.94409
9.43016
5.76407
10.9819
13.6915
16.1007
8.04998
11.2741
10.5084
72.85
13.7716
16.1721
19.8569
6.93195
8.51746
7.52588
12.7968
12.269
88.4997
8.71854
20.6675
5.93038
52.4124
13.404
8.57946
49.5818
6.24441
6.308
16.0554
14.1468
14.394
5.79266
97.4952
9.60208
12.7596
21.4015
12.4364
8.75598
9.02164
9.33171
21.0135
12.4394
11.4985
13.064
14.2035
24.4896
84.7142
15.6979
10.452
26.7142
94.6176
6.99224
19.8877
26.474
9.45354
6.76907
19.6377
6.76024
16.806
23.4417
10.0622
18.3131
10.2437
11.0319
9.3087
19.8995
42.127
6.56011
20.0569
13.4816
9.28335
9.23176
7.68277
55.1011
22.9442
7.52751
141.039
16.1867
10.9381
11.0993
9.45543
6.50192
17.6924
13.0692
12.5005
32.0504
127.657
6.30142
8.02634
22.1899
15.6149
10.086
8.68454
31.6939
12.9781
7.52342
17.5486
14.8845
14.8717
10.8365
15.6012
7.61524
31.3488
7.91998
11.4143
24.7648
21.2564
17.7406
13.419
28.1535
14.5819
12.215
15.8422
25.2493
14.0207
21.7611
15.1019
9.28508
18.5802
33.7948
14.9586
9.86653
12.9124
9.29946
26.916
16.3743
24.4305
12.6233
14.4891
17.3934
8.10418
38.3871
10.0055
16.7308
15.0357
113.67
11.1531
17.7602
13.8857
15.929
22.4507
10.8239
15.794
12.0027
12.3625
9.891
9.37984
52.8888
27.1158
13.3019
21.471
11.7758
8.63495
13.4573
8.11007
9.65152
33.5981
10.249
14.6326
10.5362
12.7631
7.13316
9.13362
16.5873
24.5903
25.516
13.8372
9.69412
8.37174
9.55826
14.3031
77.4522
10.2764
15.5975
9.24466
9.29583
7.00497
11.0561
13.7219
26.0369
23.3172
8.14243
8.48637
17.633
7.74049
23.5776
13.2809
28.742
20.9849
14.4346
29.2992
15.858
12.9621
19.4707
27.7295
12.4042
11.646
15.5923
13.9797
17.6556
9.72381
8.72767
13.1558
13.4478
13.0759
25.5629
17.232
6.00091
9.08502
10.1477
15.965
9.76018
8.05023
27.7529
13.0452
8.94964
9.35506
11.6087
6.54294
11.4677
4.67815
53.4943
11.6636
28.2812
9.01603
6.39133
10.2043
76.6497
8.21199
19.6937
9.32396
12.2505
21.2442
10.666
9.77436
8.39731
34.0738
15.9545
9.58062
11.3086
9.42018
10.0156
26.0673
19.7812
10.2882
9.50068
10.6298
15.5344
26.0719
17.7314
7.83697
6.69799
82.7766
10.8419
18.5428
17.7142
14.0769
8.28407
51.9626
15.7925
5.91438
12.357
22.769
83.1503
9.74781
17.1713
36.4097
10.8636
28.8904
11.127
17.0818
10.0887
34.1801
16.4773
16.1304
21.1849
55.4613
10.3246
19.9187
9.12448
17.9686
9.14305
12.193
19.6783
7.90575
11.6572
6.66517
10.0655
8.54321
12.4302
11.7932
33.1913
7.7656
15.4455
10.9093
6.34894
15.8501
9.9499
20.867
15.234
23.9982
33.8441
15.168
74.2363
11.9076
36.1475
26.9165
14.839
13.388
19.0037
16.5545
10.7377
7.36473
12.2922
7.06469
12.1636
20.7612
10.4982
9.43595
6.4209
32.903
13.3618
15.2996
31.7547
11.0381
17.9393
14.562
20.027
11.8127
9.13521
11.8419
9.51051
8.28474
17.1079
10.4687
6.15199
13.6559
12.7848
11.3741
10.758
13.78
22.0323
16.2386
31.8663
14.05
8.81676
6.18373
23.5977
10.8073
26.2725
32.4142
16.9411
9.45298
30.4384
15.155
16.3126
22.5461
20.3038
145.492
17.3783
13.152
17.2154
15.0305
10.3117
8.0085
26.5849
21.5399
11.3351
11.4754
7.54223
12.5107
73.9029
12.1803
10.5205
7.01911
3.89648
11.4883
7.88565
18.1783
11.4703
8.22292
11.0169
16.2657
11.677
7.51398
8.85421
17.6586
8.23193
10.6425
11.978
16.4324
16.0215
10.4445
7.60735
10.4444
22.8139
7.30814
6.87268
19.9954
11.4265
15.5378
10.7756
13.0399
9.69811
15.834
19.9203
25.4752
8.57665
9.07667
7.90719
20.5245
14.5324
11.2218
26.1324
10.8756
16.5234
21.321
8.99374
11.5632
191.069
26.9406
109.033
14.0837
22.5929
16.9739
19.3477
18.5602
13.8583
9.7074
13.0486
16.7964
16.3503
10.9447
8.23484
8.26689
30.2496
13.1964
8.59522
22.6269
9.45994
7.029
8.35186
115.828
15.3063
11.2069
26.4105
27.3933
9.84754
9.37574
20.1878
12.2611
22.6911
9.4667
9.03799
10.0817
16.49
98.7807
9.36753
10.0256
9.25808
43.5655
8.45383
17.7565
8.9119
8.50946
10.3125
8.75151
10.5206
11.7745
8.27369
11.605
11.5971
13.079
9.68775
10.7186
14.361
10.6964
13.3085
17.1721
10.7362
16.7935
28.4448
23.6191
6.58979
10.2905
13.4248
8.4597
8.1786
69.768
7.71217
14.5974
9.87039
9.98606
11.0929
18.5747
9.80785
6.96952
32.7112
17.3473
48.5699
16.8033
37.7649
25.8903
9.52643
15.7933
14.5307
8.31596
11.2782
12.0338
15.4609
8.08941
11.5037
64.3081
13.1383
16.1844
31.5355
31.1368
6.57343
8.9781
10.8481
43.1397
6.7541
13.4505
7.49397
12.6384
9.70543
10.8038
14.2195
13.7783
80.0778
6.26416
31.3278
14.3679
10.4436
6.03135
14.2362
61.1219
11.4378
22.247
22.1495
27.3909
12.9986
7.46369
10.1621
9.92985
28.605
11.2144
12.6901
18.6734
9.90172
8.96279
43.9616
14.9008
25.7044
8.8429
22.7009
17.1528
11.6836
30.4789
8.49596
16.5219
17.4326
14.7925
9.08422
11.3336
20.1335
13.2455
16.2903
11.3009
5.71844
6.99807
11.9054
17.3662
7.79248
9.59449
9.01461
10.9908
8.37912
14.5115
21.4728
14.9429
12.6263
15.153
18.4574
9.44454
11.4251
22.2987
13.0877
6.24715
8.02566
10.9271
10.435
26.3351
11.3461
9.16994
18.9687
10.5896
9.83638
18.9792
7.40436
11.6289
23.5255
19.2592
19.1036
7.55413
36.7859
6.81595
15.2071
11.5898
15.8534
8.26094
14.1353
9.39908
12.4659
17.3159
6.18159
12.1389
16.4479
48.8827
7.43125
13.1362
8.47291
13.692
21.705
5.35973
11.4345
19.1418
9.50626
14.6172
11.5331
18.1606
16.7971
51.1849
11.1178
7.10786
6.72955
6.94159
7.63883
13.8088
12.3589
7.49371
24.2551
6.78518
12.4516
9.7045
15.4571
10.7015
10.7688
11.8248
18.2547
10.1959
8.89549
9.82205
60.2708
46.2237
15.1242
12.9489
8.98946
11.3714
9.40675
10.9465
11.3444
9.6403
20.7828
10.6503
10.0038
9.9517
11.7781
15.3141
10.5843
15.8568
51.0419
12.2466
8.87569
14.2349
103.029
10.7699
70.4643
8.93749
16.2101
20.5396
18.0125
25.4168
11.685
9.81376
13.4066
16.9579
8.94594
9.54406
10.3956
13.2811
8.12737
19.412
6.0657
22.9389
62.6475
12.2484
9.54632
76.6432
43.3283
26.1119
101.381
28.8992
14.4404
8.84588
10.2939
9.76503
11.1554
8.24713
6.53962
14.418
9.50791
14.0839
36.8996
18.5241
9.04435
12.8758
13.0409
19.0174
9.29104
13.0633
11.8081
18.8637
8.5203
30.5176
15.4018
15.5536
8.3938
15.3313
7.17329
103.302
10.7972
16.1376
35.0781
12.5599
10.58
9.95384
37.1576
20.4132
28.7437
8.8587
6.24807
15.4285
16.4395
11.0909
15.3674
10.9449
19.2833
52.5033
7.7003
18.3194
21.3151
8.32557
9.99137
26.7036
11.5323
22.6116
9.615
16.2212
15.251
15.3397
14.904
9.22721
11.1082
6.26264
15.1414
12.6025
11.4818
10.0991
20.5516
7.1662
12.0165
7.28285
17.2934
8.13163
48.9522
9.11299
10.6534
10.5748
8.96807
12.7584
7.03188
10.9609
10.5057
10.8425
17.3142
33.931
24.2104
14.3065
11.5698
13.5677
7.12882
17.9298
37.039
43.9819
13.1114
22.6963
9.43973
14.3872
11.4668
9.25909
21.8066
9.51465
82.9558
10.1499
12.0798
13.6671
10.487
13.5084
13.7491
12.276
11.9422
7.38013
20.8662
14.6995
14.287
37.9007
15.261
8.23516
8.90148
9.27739
10.1874
15.9121
11.1337
14.9997
6.39319
13.656
8.40253
44.808
11.4972
9.3298
9.79736
13.0671
61.1068
16.9746
8.14386
11.1229
9.3513
8.77847
12.5453
10.8927
39.151
22.2858
10.1283
12.8986
10.0086
10.8435
16.4153
5.86173
7.71897
6.22013
7.70352
16.6091
15.9647
7.70999
44.9636
13.1287
8.14749
18.5711
11.9458
9.2453
11.8548
13.272
9.74079
8.31264
10.296
5.26878
12.0657
20.2245
14.0018
45.7975
11.4381
7.54941
8.36103
14.9305
11.0117
15.7786
8.13814
19.1894
6.96292
10.2845
9.0625
9.66556
5.71314
42.7356
25.3427
15.8653
10.9486
7.7444
12.4622
10.8198
12.3731
12.4746
8.94033
11.1721
6.13727
12.2841
6.81383
68.0642
10.6851
36.7818
15.5218
12.8032
11.6007
14.4229
6.81111
11.0696
8.38635
10.1601
12.2607
6.37466
12.5687
62.9717
8.76767
19.0691
9.51964
28.126
21.5859
31.5745
16.7894
12.1305
12.1553
12.6481
8.18323
12.926
8.2686
10.9559
12.6448
11.2594
11.3362
14.3176
6.40783
8.94551
8.80281
9.88418
9.07251
9.86765
13.1252
20.663
39.3148
9.20385
7.64347
7.94261
8.38835
13.6454
10.4052
15.3421
51.609
11.2285
7.21408
6.79181
9.60161
9.28005
12.9781
12.1665
8.25453
7.17139
10.4953
20.7033
5.64397
9.5828
18.7468
8.22421
13.7472
127.865
12.899
10.8064
20.1239
54.5565
14.4941
19.2509
27.0956
8.26107
10.5776
16.3103
12.5678
8.84062
6.83714
9.68826
7.92879
10.6893
19.3774
7.40464
18.4655
11.9555
9.00563
20.7355
7.41696
24.644
11.7744
15.8881
9.10947
25.2289
13.1157
6.715
28.3013
14.9319
13.9225
14.0052
12.7321
39.9959
10.844
11.7403
80.7338
19.4867
8.69668
7.88555
10.7696
11.1109
23.6879
8.81895
13.8531
13.6837
14.9874
16.3413
8.94676
16.2889
8.41842
9.17863
10.9576
13.4783
16.893
18.2292
7.66358
12.1828
9.93009
143.818
17.5027
11.5167
29.5303
12.3987
7.6563
76.9674
51.6622
8.61658
7.59723
20.0714
8.23542
12.7054
34.1148
8.67153
9.85277
8.91983
5.37265
22.6685
80.4668
9.67942
21.1523
35.3109
7.84728
17.2526
10.028
24.3429
59.4146
12.2176
56.2461
25.7226
15.5507
27.7427
16.7111
15.3624
13.6011
10.518
14.2732
10.3928
21.0063
13.135
32.9201
22.3297
10.861
16.4139
15.6676
6.32555
7.13492
10.0245
49.6436
29.667
17.4066
48.8926
26.1578
14.9834
32.1383
11.9828
49.1006
10.5709
15.6361
6.77716
14.738
9.2928
10.7646
21.5745
9.53209
13.3254
10.1768
8.08323
11.3118
16.8921
8.13665
10.3046
48.627
12.4998
14.3393
8.83297
12.0435
32.5341
59.9196
17.0822
18.9499
12.4095
10.7786
13.9189
26.176
19.4518
11.9614
25.2046
9.94438
15.4467
22.2887
10.7202
71.3752
9.76851
9.29972
8.01019
16.1629
10.4185
11.7116
13.4371
9.64686
9.75487
12.2059
13.3026
14.2773
11.0406
8.48225
9.7761
12.8902
9.14075
24.5192
27.5947
15.3756
10.2653
4.92361
17.3409
11.3425
18.3676
20.4504
12.9537
7.90162
10.3516
7.22102
6.0372
11.6489
8.25758
8.73922
10.8365
7.80169
8.78496
23.9283
6.48182
9.49914
16.3685
11.0983
11.6545
7.24465
6.60771
65.9689
35.4639
10.9253
25.6313
16.1888
11.935
16.0287
6.75298
10.6672
15.2684
9.56284
11.6951
5.56592
10.1245
7.13132
32.4326
14.8924
10.9646
17.3741
11.9721
9.20319
10.2123
12.844
9.59937
4.88754
17.3833
20.6449
6.96077
13.1893
11.6995
11.6417
84.0015
13.2242
21.7731
35.3647
8.75437
12.8581
10.3555
17.9722
10.1264
16.2611
10.7288
12.6018
8.87642
10.482
9.60984
14.8766
29.2655
10.084
12.2744
29.2043
10.1858
11.9996
48.1856
17.7242
15.913
6.30285
11.9921
15.7671
65.1165
15.9974
9.19863
14.1002
16.363
96.5792
10.9006
10.9227
5.86748
12.788
14.0906
13.8292
16.8335
27.8129
13.9542
14.0685
23.5515
6.98689
15.7294
8.07921
18.3215
12.6044
7.65372
10.521
9.67018
7.52042
12.2824
11.2982
12.6535
13.9354
23.4781
75.7798
12.2052
15.1533
16.1468
9.95651
14.6407
2.52936
17.9323
10.3425
15.6994
33.8828
13.5011
19.9304
21.2366
11.3877
18.5058
10.0611
15.3979
13.7008
4.41939
18.2469
34.955
9.18645
17.6163
22.9899
10.5989
11.2462
10.4061
7.0096
22.4056
40.3579
8.28744
8.7692
7.62632
10.9469
33.0161
8.15303
8.85717
29.0374
18.3483
16.388
27.1092
6.8108
19.2328
19.979
8.39946
10.741
5.65334
19.459
11.083
10.6891
5.48393
12.3633
21.549
6.97717
13.8095
11.7529
6.96367
20.2068
8.33294
6.5573
15.2923
50.5613
11.247
7.62778
22.4245
36.7913
9.32536
13.4699
21.5753
13.0391
77.5798
17.4579
28.6078
10.7483
66.2306
24.9605
9.62239
10.986
9.59936
12.1475
9.81866
3.15301
14.5535
9.13211
21.0586
8.85988
13.7852
14.5475
10.7153
17.3869
20.6625
13.2578
65.5599
7.7016
10.5226
24.8837
7.86403
11.2315
8.97006
23.5574
22.7222
11.408
17.3224
6.41637
11.1678
10.8736
8.22566
7.84556
14.4076
17.8346
7.23625
9.12737
5.43111
8.71748
51.0817
15.2292
9.35202
11.3459
10.852
7.94392
16.4109
19.6313
10.6194
14.5022
18.7944
11.5949
11.4235
44.082
30.3997
6.43249
13.8012
7.75396
13.7861
14.7007
73.9563
13.8597
13.9253
16.8129
12.1235
12.8728
14.9674
9.63474
19.1507
8.60908
18.7318
15.6882
11.3551
10.1366
11.625
7.40632
10.4094
7.42848
48.2178
14.7033
7.9228
8.00832
42.161
14.044
20.8508
8.92785
13.6169
8.21629
10.3536
10.3638
10.6018
21.7426
12.2137
15.2286
7.29907
7.09458
10.8018
28.5271
18.7828
11.4528
10.8423
23.7382
8.11969
10.0992
13.78
14.4095
15.8615
8.64617
13.2911
68.5385
12.8258
5.37604
14.5812
21.6479
11.393
21.8066
10.925
21.0407
103.192
8.00826
15.7053
10.2769
11.4745
9.58895
15.7615
26.6914
107.119
9.66924
11.9904
24.6872
10.7761
9.34576
15.071
7.15948
9.43474
7.15762
9.46463
19.3885
8.89886
9.51209
21.8106
14.1557
9.26495
21.7156
13.8836
9.41745
6.89941
44.8546
18.9889
9.67253
12.4925
12.414
173.098
18.0923
6.05476
22.0729
16.929
9.33555
29.965
9.04183
14.2444
34.4355
21.4452
10.606
6.36339
6.77961
15.708
2.02487
12.0365
28.1133
9.3751
12.0993
15.6552
7.68745
11.2135
57.5271
64.2397
23.4676
16.6202
11.2967
9.81635
11.9985
30.0066
23.2921
61.7984
7.43918
10.7964
42.7481
12.2909
7.20963
23.3482
29.5654
24.2729
11.3637
11.3414
86.5541
18.4309
10.2574
11.4718
9.39266
12.0518
25.5212
99.0637
13.7233
10.3545
124.112
21.3292
12.6612
54.2999
24.4115
8.27141
9.20125
82.2037
14.0913
11.8583
24.4269
11.559
16.7623
14.651
15.9215
14.1484
6.55227
10.3652
11.1379
12.4045
12.9413
12.0196
48.7843
16.3413
18.8552
6.07771
6.37201
17.2664
12.1568
14.1193
31.8053
19.6792
7.74733
16.6307
13.8889
44.6732
10.9518
8.65049
5.18797
14.8137
9.00065
32.9483
10.1901
11.9027
19.6605
36.4243
15.4091
10.7312
8.42313
10.6798
32.4247
6.2974
9.75593
9.17536
15.9634
12.1672
14.0755
11.8697
16.9197
31.6865
10.3795
8.75055
11.2189
16.3134
14.8462
20.1724
11.3417
13.1391
10.932
13.1031
86.4919
16.7747
8.99323
12.1966
7.81557
10.461
10.5243
11.0921
7.85401
22.4214
19.7539
10.8157
16.7545
8.86849
13.0482
35.6732
8.35928
11.8681
10.9545
8.22471
16.2117
36.9595
29.1034
25.7574
14.1923
11.8939
7.43475
9.61142
10.3027
13.6955
14.9739
39.6356
40.2367
11.3307
22.726
22.7873
9.01247
14.0926
9.77826
7.71999
28.4852
18.025
14.3397
9.85039
8.31147
36.1596
47.4503
18.5228
113.676
16.2641
6.53399
6.1419
12.2767
31.8208
11.7242
16.2836
14.4777
8.8839
10.6015
19.6985
17.899
7.54555
19.7256
6.80617
9.67189
15.9888
15.4475
7.86803
15.9695
43.8839
10.0062
7.78872
10.9958
13.9228
16.0241
12.4313
17.1289
10.8387
9.51486
28.2256
10.9487
48.6393
22.5106
11.568
17.1896
8.67284
8.10381
16.3767
8.46909
18.5603
15.1048
11.9111
8.38463
10.8787
9.92295
13.1881
69.2335
8.11738
14.4652
46.166
15.7316
10.5261
62.5069
11.491
14.8385
13.338
10.9889
24.5197
48.2248
35.596
15.9714
11.8
7.79964
18.6517
10.4002
9.55316
7.49581
10.1322
45.2734
27.0897
13.5538
15.9479
12.704
28.9044
8.76689
31.6953
12.4227
5.71914
15.0272
8.28261
61.1136
11.3508
11.6315
54.8084
16.5802
6.34429
9.16835
13.4223
11.929
16.2114
12.7757
8.54352
12.6886
13.3375
13.5404
10.1426
12.6399
21.4427
11.2344
7.2077
17.0808
9.03371
17.2158
9.28064
26.3368
8.10649
13.0228
11.0291
13.2712
7.28362
11.6144
20.4209
10.4788
7.00633
10.3532
8.68268
17.7072
30.2443
10.8557
9.24443
65.9913
20.11
8.30648
38.8043
24.2471
9.5985
17.0243
13.4619
14.9051
26.9139
13.3582
12
7.68237
15.1104
7.96858
11.492
51.7106
17.413
74.0058
18.4474
11.9949
9.65132
8.17309
26.1805
16.2892
34.1508
20.2545
14.4101
8.5261
38.7796
26.7623
37.3274
10.5463
11.4824
16.4381
9.39224
14.6067
14.7619
8.00457
8.32275
10.4248
16.7574
12.8352
16.5471
14.9406
7.12734
27.0551
51.2154
10.8229
15.4082
11.3263
8.15903
7.53156
7.87981
7.8864
28.5038
10.0886
12.0172
10.5689
7.10348
43.9244
6.30335
7.78437
17.1673
10.5091
10.3144
7.24676
10.6921
14.1289
15.2635
62.7054
12.0334
14.1524
5.8299
11.0484
8.94388
15.6862
10.8462
15.503
9.57757
6.50424
11.0691
21.6108
33.3177
8.09091
7.90772
10.3334
7.36052
24.1259
15.7486
14.9767
14.2543
23.8748
7.03768
7.14708
10.9854
7.13709
16.563
10.3006
18.4327
11.1213
10.0942
175.481
14.1396
17.5111
6.02997
10.4023
15.1043
11.1802
11.1554
18.4448
12.2913
9.41427
26.7338
9.51328
15.4583
7.95876
17.8885
10.3085
11.2983
9.95801
46.88
10.8019
12.0962
12.3914
24.5383
10.3318
11.6975
66.3657
8.92108
13.5492
7.76154
12.2733
13.3682
13.5812
10.5964
11.0352
10.8962
14.7347
27.157
28.9053
52.7135
6.14454
12.4246
14.4233
12.5259
31.6221
8.5227
11.7681
11.1891
9.54412
13.1578
90.6479
9.02998
10.7728
8.37814
10.6404
8.83625
6.89208
7.80629
24.3141
84.1643
2.00521
10.4964
8.44824
9.99852
14.45
9.63356
13.9983
8.93263
14.6383
167.69
5.63592
23.5019
54.0362
26.9999
7.5648
8.27907
5.6995
12.0785
10.3522
12.7154
25.8544
25.8092
14.1088
21.7522
13.0954
10.6554
18.4187
25.564
5.58419
10.4831
23.0938
15.2223
45.1588
13.9031
13.877
11.5629
15.9306
14.0169
15.8845
7.71813
19.5909
10.2239
12.9923
20.2376
14.3684
38.6791
4.64518
8.39086
52.4944
20.6135
24.076
11.6861
12.2372
12.3784
8.17973
14.152
27.9357
107.444
22.9859
14.0063
13.737
20.5137
11.3102
9.63442
20.952
8.61001
17.8199
20.8412
28.6744
9.87215
10.3933
8.32476
15.2358
10.7296
157.125
13.0077
14.6642
16.3466
5.32401
10.4364
8.51962
14.401
32.5394
12.8477
6.29437
9.41296
100.443
24.8346
12.4969
8.81907
14.3191
7.30787
15.8876
24.7887
11.2115
11.0475
6.99842
16.2829
11.9339
9.25234
68.3525
6.74593
14.4164
27.5044
26.505
27.2653
24.0447
18.5018
9.48357
28.8084
7.66717
61.6823
8.75288
13.8254
9.74764
6.99964
6.68784
16.0757
24.1562
10.7337
13.785
10.2457
32.3805
45.82
25.4472
14.6493
76.5913
6.10337
10.1669
31.21
11.5957
12.7409
9.52144
9.81594
27.3011
9.91523
8.73693
22.3339
10.4672
7.8077
10.5172
100.872
14.4412
20.7558
15.4384
14.2813
13.3465
10.4432
15.0428
6.84226
19.1445
10.7193
11.1791
45.0258
11.595
5.36672
9.76513
33.5015
15.3953
15.7322
9.35459
22.3842
8.69667
11.2708
15.1935
7.7743
25.4662
25.9756
11.4897
11.0486
14.0693
9.29706
10.3859
8.56196
9.1809
6.60409
9.98787
20.3659
8.6668
14.1091
12.7334
10.6503
8.23946
13.4844
10.5489
25.8871
17.0156
17.2133
15.5158
9.70126
9.78053
9.48795
14.6294
16.0316
7.24287
15.098
15.2334
10.8614
14.8263
13.2093
12.6911
68.653
13.3708
17.3078
9.43664
10.39
70.3132
11.0553
42.08
12.2412
11.8453
6.49164
75.5838
9.86466
17.2241
8.09603
29.0728
7.4084
7.89437
16.3427
10.3105
49.4095
6.93811
8.99205
10.215
31.1004
10.2603
32.6323
10.7126
15.0669
14.04
17.9058
11.991
8.89841
5.80738
8.03698
17.1006
7.53264
9.2668
10.7092
12.5217
9.09209
12.5346
25.4212
38.2303
9.66142
13.6542
17.6313
14.0678
23.406
26.864
12.238
8.95703
40.6305
13.0784
11.4438
10.0327
8.38397
76.458
27.7615
12.3003
8.72358
12.5332
10.3145
11.0788
31.9715
15.1296
131.161
44.9286
19.9688
17.0732
12.0577
90.2348
19.3664
10.0476
8.9355
25.3495
11.7072
7.99922
11.9968
7.81377
13.7359
6.47817
14.4153
21.2945
33.8131
14.16
9.43834
14.8185
10.2435
44.2097
8.75618
10.0482
8.3797
11.9328
15.6405
12.5999
8.31025
30.0006
22.032
18.7895
12.0019
12.1578
33.5946
12.55
8.09529
16.1306
8.76773
24.5036
15.6954
8.404
34.6248
8.9471
52.0219
12.9116
13.5031
9.38647
10.0157
12.1228
12.7706
11.7763
12.4117
56.2594
11.624
16.6528
23.4228
31.9149
13.5325
7.65307
9.01012
7.8146
7.23078
13.4194
31.2562
35.4946
28.9817
9.42002
12.6294
10.0004
31.556
13.9088
12.7755
19.7081
8.26223
17.1386
27.7041
7.3177
20.2657
9.04881
9.20801
17.9628
12.8116
2.53126
95.631
14.6681
8.83355
8.28209
7.66563
14.8302
10.1506
13.7293
13.8794
12.0265
8.8712
10.4077
14.1055
20.7738
11.4554
12.7181
10.2228
15.7118
11.24
10.3244
9.92991
11.7945
15.8228
13.9186
11.7176
9.98405
17.3686
4.72638
13.2803
10.1677
5.63273
15.0311
10.4624
10.5456
3.65813
17.2463
51.3689
18.6493
15.8046
11.2892
75.4435
63.267
14.1964
16.3758
18.2879
8.89956
28.164
16.2241
9.04919
8.08854
17.2285
47.4367
74.3837
57.8265
12.2075
23.8979
62.9589
14.6018
18.2957
13.0268
22.7674
11.9693
9.4724
19.7319
10.0617
11.3857
10.9403
7.20293
9.80005
18.9019
25.0213
8.77096
10.4114
12.3552
15.3614
21.1802
9.93202
13.4529
14.7227
9.36546
6.82845
30.244
23.1713
33.6745
11.1837
12.1892
6.15622
14.7505
3.58083
10.2556
9.20699
9.49742
10.7443
20.0257
33.9063
51.3374
24.7439
45.2276
20.5225
12.0747
15.7136
12.0011
13.6242
14.0028
21.0115
17.3938
16.7856
12.0215
27.654
15.3227
16.4668
18.7165
35.6109
150.842
17.3401
9.65713
34.8864
12.1087
9.49061
8.26358
10.1446
13.0795
12.4223
9.5084
8.39479
9.32419
8.65989
20.2665
8.63989
31.0769
16.5849
18.6459
11.4688
5.72396
56.5656
10.8603
18.5798
9.12883
7.13624
6.44347
26.863
14.2071
7.98449
30.5325
7.88658
10.2132
10.0754
15.6191
17.8741
19.7903
13.215
17.4658
26.1882
9.2146
23.6924
8.96266
40.0065
7.81187
16.1999
114.445
16.3004
7.38337
12.5612
10.9164
13.9499
41.7428
16.0192
11.2894
19.5801
10.8622
6.17834
12.4604
10.6955
26.3993
9.90922
11.4869
8.43446
13.9721
12.3794
10.4136
18.119
13.9163
19.1076
19.1814
26.6752
9.0493
13.1759
10.831
8.23784
6.60737
13.0694
10.8035
14.3643
8.22175
14.1456
10.8696
31.0281
7.1182
21.1385
15.3086
16.0854
11.4004
23.535
11.1376
8.23642
9.69312
6.27763
8.79099
20.1813
10.8506
8.21505
7.98074
13.2803
11.1535
9.51675
19.7283
18.1049
8.28459
22.5975
14.4324
45.2
5.42026
10.1089
22.2955
138.143
13.7288
10.3411
10.8819
23.5022
14.1981
34.7255
8.23159
12.3758
11.568
17.2178
30.3812
18.378
51.791
15.6346
8.2433
52.48
7.53734
7.65534
11.9083
12.2179
7.47812
21.5929
10.6485
7.86679
13.0363
31.9779
10.842
9.20407
10.6361
6.74435
10.5804
16.9205
16.9944
6.00011
14.3793
13.9983
7.06095
6.77049
6.37652
11.8634
10.4158
24.6164
18.2558
11.3887
11.51
50.9211
10.3312
24.1702
29.967
8.57032
10.6295
13.9096
25.9124
16.9994
8.74405
24.2192
17.048
46.2588
16.8331
13.9557
17.5195
9.70388
6.39987
11.5939
17.8389
72.7308
28.8262
6.77839
10.5728
17.0003
13.5626
6.31469
30.6561
11.2061
9.85013
7.75441
12.7776
8.48987
27.3613
24.1695
9.02282
8.05578
11.6039
14.7672
9.74587
16.3151
6.8774
53.6179
26.9873
7.64898
9.43099
10.4831
8.22861
51.4532
7.10133
15.9299
15.8713
11.7048
14.8818
25.0026
15.9392
26.548
6.89954
34.4171
17.6695
12.4469
11.8471
12.5508
11.3375
23.4673
5.65886
13.7109
15.5106
17.2997
31.6496
7.49387
9.10629
48.6898
23.6964
30.9835
6.76399
12.0996
9.26767
13.0711
55.9333
13.4438
17.1922
8.34739
11.0263
15.26
23.7477
10.5176
14.3685
67.9916
42.0357
22.9783
9.83358
9.1716
19.5154
143.208
15.1757
15.478
7.33527
24.7852
8.1032
15.411
13.6665
8.67289
38.4463
8.73056
12.7577
5.99006
7.90024
8.16775
12.3503
35.9394
28.4987
107.36
10.6343
21.5423
14.1406
20.3295
7.96647
13.8445
6.90253
39.2157
17.753
11.3352
25.1481
15.4753
10.9285
16.9483
7.33354
19.6705
12.1635
18.1283
9.71634
14.4924
22.5506
21.8946
143.705
12.9867
8.20249
7.89509
20.56
8.3607
11.599
81.3131
48.622
15.2167
11.7602
21.4589
24.3376
6.49312
15.7635
10.4823
9.80124
8.03848
6.63264
12.3256
14.0857
22.2076
82.2344
12.1663
41.3582
12.4261
17.1101
12.6535
13.3931
9.42408
15.765
15.1453
10.4758
14.2629
27.7041
7.99537
15.2428
13.0607
7.38058
32.057
13.4074
10.9302
13.2593
12.9579
13.3056
12.9603
9.59622
8.0647
27.3019
11.2986
13.9447
19.8391
12.1371
17.4801
29.8173
24.3668
19.6736
11.0723
11.2002
15.0606
9.97385
8.62301
15.9766
4.73838
9.29239
12.2887
83.2645
9.07984
7.28001
9.61994
6.64612
14.4599
11.4428
12.822
10.103
13.5027
40.8858
10.6729
9.90623
8.49551
20.0253
7.55694
8.30938
7.27543
10.3389
10.4022
5.69558
7.71236
12.5643
13.0497
9.30607
23.5571
15.723
97.4214
6.14342
5.60605
9.93455
17.6464
20.5821
19.5822
10.453
10.0194
12.8909
17.5784
14.7987
25.2762
12.18
17.4757
7.67086
14.2813
17.5344
10.9703
9.94768
62.2504
14.9745
10.7781
22.9745
14.049
25.4675
9.2737
10.6647
11.8044
84.4551
6.44247
15.8371
9.31416
12.5602
11.4893
12.1284
10.7034
18.8657
11.3311
12.9317
13.5941
10.1428
14.4095
14.0603
15.616
28.9629
6.87632
65.3714
10.0249
8.17901
11.6792
6.23464
9.91071
5.97842
26.0982
12.536
11.1775
12.6266
44.559
39.3284
8.11724
14.3816
10.9133
8.45595
11.8288
11.9431
19.6123
7.23485
26.0552
11.3141
44.8946
13.8024
47.637
20.7791
10.268
7.25225
15.5739
12.2079
21.2461
10.2628
12.023
16.4564
16.961
65.8233
19.8851
11.2283
67.3969
16.4537
15.1047
15.2045
15.8837
8.49994
6.92205
46.9109
9.147
23.3553
7.94346
25.3905
10.0167
18.2103
8.95566
10.8586
11.4671
9.71862
10.2413
63.2953
15.5685
8.7514
6.84835
9.68434
11.8456
19.2894
7.17538
8.21211
9.85851
11.5905
15.0599
43.5979
11.7777
14.496
8.39541
13.4092
13.4842
10.3726
8.35985
9.84036
8.33538
9.30527
17.0688
9.54793
44.9833
12.1292
21.1073
10.8224
7.67615
9.36351
12.5463
11.1935
8.01377
10.885
12.7638
11.0087
16.1026
19.6589
7.10556
23.448
83.8512
7.21093
12.8264
33.78
6.75149
10.1047
19.0069
7.80525
12.1683
6.8314
22.5401
14.3339
61.3061
18.1011
15.4605
20.8821
11.0365
14.0431
13.5384
9.08858
12.0271
46.8404
9.93188
9.59533
46.7861
11.6231
8.67764
6.43528
11.2067
15.3596
10.8058
17.5222
10.3426
30.6966
13.4385
16.0053
32.7297
15.8585
9.39746
19.805
30.8392
9.98022
46.1648
9.21513
16.4141
13.8924
10.5783
9.23615
5.20198
19.4455
23.7167
22.1657
9.01327
17.0916
11.9929
10.2232
7.24947
12.5619
15.525
13.0633
18.2922
13.1281
25.5136
10.4933
13.7842
9.55197
10.5739
16.2886
10.3797
11.6338
10.5834
14.7809
11.8725
10.8292
25.6709
12.674
13.4521
22.552
8.48943
27.6642
40.4594
6.60729
12.1989
8.75256
9.51706
16.3036
18.2774
37.5432
8.50024
6.93518
5.8212
9.73982
6.99447
11.592
11.1328
21.9971
16.4243
23.8848
58.1789
12.4474
24.1202
8.68683
20.8828
10.0173
23.9083
37.765
10.9022
30.3099
5.92102
11.083
11.6656
16.0292
78.9264
19.0814
19.3256
11.3094
17.9206
26.8734
24.3982
6.55697
14.323
37.9377
22.0319
18.6879
33.3735
8.55926
20.6285
27.9731
10.7301
16.4044
42.8801
18.1436
8.86849
10.3626
9.8695
6.82629
34.7642
59.6633
19.3806
38.6734
19.1688
6.36451
12.184
8.26633
16.472
15.2297
12.4513
16.1365
15.9669
7.85817
11.7595
8.98377
12.4052
9.82238
7.00979
13.6103
7.39871
11.5988
24.7741
24.3331
140.717
8.6564
9.84851
8.54629
10.5778
8.31403
12.0375
17.5849
8.14368
22.5226
20.569
9.45095
16.1438
10.7037
13.3947
11.2127
10.4689
17.8611
28.894
9.83033
15.3357
7.66873
8.62131
13.5436
15.296
14.913
9.26912
11.0221
13.8704
18.1743
10.3063
14.9585
17.1679
6.23001
12.0768
14.3383
12.3348
18.4039
56.4355
18.8122
16.078
8.80176
15.6776
13.8492
27.6098
21.5307
34.1504
8.37914
32.0101
11.5684
15.5693
14.1495
11.7952
10.7558
15.3981
23.6459
14.5156
22.9529
9.81806
134.23
14.7464
12.1108
42.8918
18.1477
10.7626
10.1989
11.6301
67.0567
15.6165
7.3799
10.8963
8.65433
11.7367
7.49222
7.00684
18.2171
16.4266
16.107
19.4419
16.9517
7.53902
12.0992
96.998
7.45464
11.3767
9.79264
11.8945
10.8102
15.193
7.4014
14.8843
9.56494
15.4828
22.4946
11.1773
9.75792
12.6457
11.7421
14.1983
9.93801
13.1974
45.4964
9.66455
14.4282
6.67374
29.8305
8.24321
15.6406
15.8359
7.62305
10.118
52.8868
10.2744
40.5238
12.7872
10.3048
19.9346
7.10602
8.08877
7.13172
17.2071
38.6625
8.49843
8.24863
10.4224
25.9227
10.7446
38.0755
11.4735
8.53608
23.2496
16.0204
35.6223
91.7666
8.58364
9.66122
22.4214
10.2243
13.0581
10.495
13.9282
6.61407
15.914
11.1626
17.9074
9.5328
10.7428
61.6842
19.8371
20.2259
8.91394
11.8653
12.9382
9.58371
9.39847
16.9352
13.2083
12.3235
12.0867
103.336
7.81744
14.0315
12.5282
10.3528
8.96869
16.1354
14.0577
60.208
22.9619
11.481
10.2583
29.1012
11.4391
10.4575
86.1239
7.79897
8.81806
8.90652
7.80813
19.2514
17.8402
10.6213
8.28768
14.8928
12.3404
10.07
16.4944
7.65371
10.8668
11.5939
10.2289
10.424
9.9303
8.27988
11.2693
13.363
15.9323
10.7421
11.9899
7.81418
23.7378
14.4955
7.12686
12.544
11.0275
15.2674
10.3326
19.4899
9.6738
28.1003
21.5714
13.7483
26.7995
12.6816
11.5297
10.0573
17.7047
15.0433
21.2675
13.6214
8.25771
9.91902
12.3193
11.785
11.2041
14.8642
23.9811
17.9031
22.0492
8.96269
21.9294
16.6807
10.5352
14.8977
20.9815
12.0845
32.8531
12.1975
19.0069
15.637
9.60338
18.8225
10.0798
10.2685
12.8105
24.8043
12.0078
19.1768
7.78883
8.64124
10.5792
11.7681
11.0892
12.4277
12.6726
11.0647
14.1681
8.49383
13.6499
10.8227
10.6892
9.16216
12.1656
10.2904
13.4078
13.6862
5.85181
8.66106
14.9215
8.68404
10.1906
15.0925
8.77568
14.9684
14.8407
6.73154
150.461
22.2753
15.2883
33.3226
8.82826
8.75717
13.3619
8.54849
26.3396
10.141
30.8997
22.7381
18.4228
9.20722
20.9661
6.32194
9.18166
9.75759
10.4646
8.57297
11.1567
25.9691
16.5431
7.79919
11.3964
50.1813
73.5623
8.5123
19.8422
15.362
8.80984
28.0185
24.5154
16.6686
10.4934
9.12192
9.69269
9.72122
7.86826
9.6201
13.253
25.8837
8.13329
5.68885
11.9214
14.9537
9.34974
11.2205
13.671
7.16457
18.7608
5.77325
12.8988
9.9339
9.51697
23.2898
10.5474
23.584
17.0398
9.97519
12.4413
10.0069
14.377
6.53088
23.6856
14.4317
27.2686
19.1754
10.58
11.0093
9.0167
10.5879
14.5605
7.84011
15.6748
21.6391
6.15565
13.2352
6.57617
9.40346
19.0015
8.32638
6.61431
9.43658
10.0068
70.6101
14.3791
5.8703
17.3803
17.2601
11.8189
16.0139
12.4889
11.3281
9.65949
23.8609
46.1547
12.8612
13.2935
9.20142
8.38387
21.9355
12.1586
8.19737
12.3509
25.9426
30.8111
15.4143
12.512
12.0294
23.738
11.4567
11.1459
33.041
12.2614
21.9566
21.4169
10.9236
7.95971
11.5826
6.98887
10.2081
7.52117
13.2909
16.1563
8.49211
6.53943
16.5834
10.8481
9.4546
14.7754
25.562
8.11956
8.98351
5.16834
11.7333
20.3266
19.1402
9.21221
13.8088
14.5276
9.38541
17.8892
29.1907
9.76819
13.9372
10.2501
9.94705
25.4668
10.1493
15.1985
34.2144
7.68928
8.99293
12.6358
18.2236
15.5098
7.31434
9.58182
7.70397
12.9926
11.8309
10.5196
12.9858
11.8235
13.0803
11.2784
8.41645
10.8554
10.1598
21.5311
9.09307
23.891
7.18743
9.94571
16.6263
11.6031
9.46108
19.9168
22.7805
67.7579
37.6209
12.2702
11.48
21.0593
21.1655
13.0401
16.5767
18.4563
5.51558
17.6215
15.6261
6.90755
14.7627
32.8685
16.186
88.3414
8.01209
16.6206
9.81296
10.0123
23.5342
13.2164
20.7159
10.8845
12.323
13.3586
109.391
7.77568
22.9032
6.91827
8.61147
11.0793
17.4614
11.3733
153.512
10.4688
10.8054
70.5961
11.49
96.4914
8.78201
17.1857
6.96777
21.416
7.89038
12.4624
10.7893
10.4531
15.331
11.1652
31.241
25.035
12.9489
8.23282
8.18287
7.86347
10.7645
5.29844
25.2308
19.2723
7.56451
10.0388
15.8812
7.25162
13.168
16.4347
19.3545
7.72051
179.508
14.4576
13.2438
8.89035
8.25767
55.6036
7.38189
25.6543
7.87233
9.38244
9.15655
23.0683
7.89541
12.4159
8.90779
13.2545
11.1778
7.00289
15.4398
16.3259
39.5812
15.5819
7.12126
7.63139
15.3222
15.181
9.52767
16.7988
13.527
6.06962
71.9933
17.0687
15.1879
8.68796
9.65693
21.0007
19.8069
16.0434
14.4091
12.628
15.4068
9.61658
12.2637
12.6503
28.6795
11.5525
11.8862
7.50921
10.3011
12.9382
10.5672
11.6466
18.777
37.4439
14.4258
169.774
46.6507
8.6343
11.942
15.9847
10.1874
14.4151
39.7136
126.001
7.51529
11.1972
11.1366
5.93795
10.4107
13.1336
14.3846
9.50581
14.3207
15.0688
64.4945
7.91086
15.4778
8.05784
6.28845
11.6015
5.3125
17.8166
22.2821
11.4807
18.4266
17.6846
8.2426
14.0444
9.94187
59.5375
11.2168
7.75119
15.9394
7.46654
7.01425
174.786
71.3767
47.3817
10.3279
20.0204
11.062
16.4208
8.24472
23.2343
16.3324
11.3663
7.81622
8.22351
12.0936
83.5269
11.1907
17.7387
6.02357
24.5534
9.69949
11.5669
8.4722
11.8156
9.86362
9.03191
22.1919
6.65599
21.1876
23.1622
24.6788
14.0476
26.6452
16.7335
19.507
12.2574
6.81921
17.5065
26.9233
18.4562
10.9381
8.90191
12.0856
14.4508
34.8401
19.5173
17.1659
23.8753
7.84546
10.7754
18.6846
8.09769
12.2736
50.7162
14.1708
39.3539
18.0687
11.4689
12.8333
11.3889
79.0459
11.34
11.313
16.8311
57.031
12.2352
21.3603
14.4576
8.39759
8.94873
6.84677
20.8929
13.6046
12.7596
10.6267
9.02181
16.785
37.9784
7.98231
6.48577
22.3752
39.42
11.8058
10.2285
23.3024
9.12635
11.4239
12.5439
10.0977
192.934
9.08349
6.71481
22.7623
7.84427
9.47321
12.4349
6.50282
8.30486
9.38604
37.113
21.9355
10.0102
13.2844
11.1192
6.71982
8.51483
14.1029
8.56987
13.4039
9.32703
19.324
10.7654
9.75418
9.45665
8.78219
24.0305
10.1256
8.41848
14.9743
41.2792
27.6747
42.0084
13.934
27.9635
24.7785
38.3875
14.6869
12.3084
29.3729
39.3216
7.43627
92.9691
21.3111
21.301
10.1315
13.379
9.66631
18.8685
9.79896
11.3786
10.9593
6.81077
7.23873
7.40354
10.1202
10.582
32.904
14.9042
12.1156
11.5404
8.37482
12.5617
11.7348
11.9177
8.17617
22.2652
8.23914
13.7361
7.80993
16.0136
11.2006
70.6902
8.78888
10.1646
12.4403
9.40575
15.2114
19.0791
18.8215
7.93873
10.6496
23.2574
26.5142
11.7351
20.662
37.6522
24.9389
12.3488
10.986
16.287
12.2888
11.2294
12.9459
34.1966
7.34103
87.1275
9.37002
18.4113
11.0334
12.1186
15.48
13.0847
13.351
15.0848
9.47201
11.221
23.1198
23.9918
8.85039
113.962
8.3038
9.90176
14.241
9.94178
2.17876
8.88459
6.63631
7.62125
41.8539
8.12702
9.22971
10.4462
7.69099
8.65369
7.09666
10.8517
58.1789
8.58584
7.58989
12.646
25.9467
19.4326
13.0399
148.852
11.3501
12.6255
21.3446
17.2495
10.9776
13.5025
47.9869
15.5242
8.42369
12.9849
15.0716
14.6108
10.638
22.5131
9.66756
9.61674
16.2045
88.1919
32.4075
12.3294
16.124
13.5845
11.6335
13.0787
10.7766
30.0304
18.4083
32.9999
11.8076
10.5351
10.7438
12.019
8.36851
10.9011
9.42432
16.3551
9.87965
7.0181
9.42655
15.6067
14.3323
10.2308
42.739
14.3988
7.63067
13.3717
9.58425
13.5754
10.0115
43.6797
17.4792
7.54965
8.43467
7.54915
15.0582
13.0475
15.231
9.34763
7.54847
18.0904
14.3878
19.4981
7.85191
21.4864
6.34951
9.6886
20.3988
17.1962
9.89344
18.1323
18.7023
10.7731
11.1051
10.6854
22.2575
6.1771
175.626
10.2694
8.43673
14.3612
7.58338
8.23311
22.7327
16.5558
7.3205
5.14302
5.83888
59.1092
9.5538
12.7744
25.7402
18.5154
11.1961
10.7513
7.56207
10.9221
11.301
11.5037
12.7876
8.54127
17.3786
16.972
12.5587
14.3868
12.9996
13.5972
11.6651
14.6962
11.3494
20.8288
11.7831
12.023
12.1401
38.3409
9.06387
8.26219
13.6748
9.97506
9.80872
31.4569
18.6244
9.46064
15.0275
15.6668
12.3268
8.16143
50.8163
73.6409
17.5151
9.99554
10.4055
10.9945
12.7462
20.2994
24.0831
16.2737
7.78918
7.26551
20.1875
7.44836
9.94344
10.7928
44.7307
16.255
36.9498
26.5906
17.2189
9.63928
10.6665
14.7951
11.8305
27.7426
19.6656
8.76677
23.3818
8.47952
7.79605
23.37
16.6124
28.6418
12.9216
13.5783
28.497
15.8323
8.76911
13.0472
12.487
10.8702
10.2778
9.41037
17.2794
7.64167
8.73342
8.01899
22.5504
9.8089
6.58953
18.3734
5.4442
24.2129
18.8435
11.31
32.6815
31.3055
7.0688
9.96042
17.7328
33.2577
7.8861
36.263
15.5421
24.7151
11.7435
7.90401
8.03891
10.007
25.5272
8.9254
12.6297
33.3434
11.8823
15.2904
34.5106
10.0372
9.21771
30.458
14.2696
17.8598
12.6525
13.6589
15.0821
15.3098
16.4412
19.4216
10.9472
11.7552
11.7832
18.5827
11.5557
13.056
42.713
13.7835
12.8856
7.55535
9.02196
7.21028
8.34744
12.7957
9.36008
19.8547
9.67779
52.2565
27.8351
7.26816
34.0681
10.0714
8.37574
9.10738
8.00176
158.854
7.5782
13.386
47.2962
11.1693
15.5513
13.4673
39.1331
11.8339
24.249
59.5461
28.4311
14.7704
14.5549
16.4533
10.236
9.95776
15.3091
18.8375
10.7884
13.0995
14.9272
70.4733
12.9276
23.5181
7.21386
13.1849
7.4792
16.3503
9.93898
10.55
14.2446
12.3589
15.9942
8.22944
8.4844
20.5248
18.8893
10.328
71.1838
10.3725
9.86031
13.4066
29.9791
18.4446
18.8621
29.2115
11.4344
14.4414
15.9688
17.6736
32.0023
13.1239
38.8783
8.9463
10.6667
6.80719
14.1992
9.72742
15.5343
2.10981
13.5523
9.57065
13.6406
7.57775
9.04437
168.758
10.403
12.5618
16.4851
10.7357
9.62287
61.243
27.0308
10.6646
7.66049
11.7267
14.1616
12.5982
13.16
15.6099
10.0086
18.533
18.2246
15.8888
14.8986
14.413
8.79269
18.9494
7.83109
17.4303
16.2594
18.87
12.2237
15.3914
34.5141
8.62904
18.9895
161.114
10.7063
8.37533
18.1461
15.6723
30.5188
17.0012
21.9013
11.5888
1.03129
8.93635
38.8354
14.0549
17.9803
13.171
14.8038
21.7811
16.8766
6.9141
21.6827
6.68432
20.6088
13.3829
10.8393
13.4365
7.30367
11.8606
8.29989
40.9079
27.5741
13.4511
12.2304
9.33371
92.5354
10.6718
20.3569
45.6385
10.2081
10.8817
11.3789
6.91032
28.7403
12.571
8.60064
35.4379
11.4199
21.3402
24.9056
8.00386
11.8845
19.8636
8.43163
7.62942
9.88399
12.1964
9.13019
15.5831
13.9962
13.0283
9.7401
9.44239
6.04719
13.0349
14.3461
6.4053
20.6134
16.1398
10.1814
15.4202
10.113
9.46429
7.01256
17.6052
60.4485
19.763
10.2506
98.3759
10.3309
12.4483
9.73941
7.76947
12.5008
31.3583
42.0063
6.96137
7.98499
6.85972
14.2278
8.18071
21.2136
11.4614
8.35522
11.644
9.80943
26.006
12.2287
37.5233
9.1613
15.7567
10.9563
40.3251
22.4924
7.51393
9.39489
8.42995
9.43536
11.742
57.9394
20.999
13.4348
7.57583
9.72258
11.286
8.77535
11.7364
5.76112
44.2853
7.73205
9.76061
13.19
10.2245
8.61212
12.7738
15.9161
7.18161
31.7671
20.1825
13.0661
15.7064
13.1631
22.3521
15.4476
15.8511
26.6275
7.95605
13.1957
9.8456
13.9988
26.5572
9.93732
29.5452
13.1271
13.8269
10.3473
28.9586
17.454
11.1679
25.7423
12.3775
10.9185
14.2953
8.62631
18.0451
68.5342
8.59971
10.2028
11.7192
12.5638
22.9885
9.97406
9.13141
26.0038
14.8983
11.0657
11.8286
17.7302
6.38167
14.8939
9.52455
16.3885
11.242
7.40776
10.0975
6.78098
10.9166
5.25504
14.8734
8.2164
17.7243
12.8136
8.25574
11.5694
52.0879
17.4474
8.50511
10.3511
17.5347
8.45605
13.4353
5.91872
16.0258
11.0024
20.0502
8.43772
13.0754
11.6898
14.006
18.2643
138.424
9.77515
11.7399
7.69727
10.7237
17.1044
14.5416
9.10539
11.1757
16.5259
39.5588
10.3273
10.854
14.9889
7.4089
7.5787
18.0655
12.5255
13.7822
